$ANSIBLE_VAULT;1.1;AES256
35376163393136383139373663323562316364653238656638326364383633663534333634376264
3366353331626333333931666163666336623239383434610a356436313366653134313934346665
38613934303661616532356437326661616431393662636534643931393265623663633165623966
3366316231326333300a356666303031393434393161313733323837336137666435613765656631
38653962313866386532633063343938326331356134666135336335363361356666313765393434
38336531316534666362313561376531616335306335346362303561373834636338393332666462
33643137343663316265633633613634396636313763336431343563313430303234623061636236
63356465353566653062633437303734636630636336396331366136306134343661653939643363
33373339613731643961643739356632323664373630343463383631346333643739356165346336
32643537356438373537373862666465633364383366363036313134313134353836633935383233
62643066303337626432636635363034646232313335363734616363396438336236666266366431
38626536313965336361393232653539653763353834323761626363326430656632306464666330
31343466346331323139363030653630326436626633376361653338623937623031636334373264
30323037616338646632643137663934656262366461336531386239623064373434636130303938
39373436373663636466653231353663666162333431646632363432613739353333373236363562
37356134356264666231663936633565323266653230386637616362313035633264616166326466
64383330623632616364333966313764306630363265626335306231653637363032303939376463
66383761326439306237626666383661623732336465363730393835666363333465396435383232
66323163383838653966373738346135643262643536306539396332393336343762626166623164
33376430623666323238346664386637396164626263386564346534363431363930393036396136
38616566613039626665396433356430306364373838623362363965366563633064
