$ANSIBLE_VAULT;1.1;AES256
62363866316632623036646435343161363561313135303032326166316536633237313063653331
3462633733656263633465316139313437356434326531660a623935346263323261626665643236
63663936313664613863643333636439633431353632343762653533663265366439313762663334
3635646164326437320a646363623662383433653965656232343231363232646539323735313734
62373330356133383262666465363638356536626430333830313332396665373131666634336236
63656436366464313564393036336630643764383535363732326538393331646232306362376264
37346638666466383732633136633266633738656237633433366238306361356537656537663435
33326332636435353135326437613030356665323262353930323963633134303566376632333136
37313437663164383633366561366663363431353537636534346239363233373136303030336130
38653737393066613965646438356463663937656537333231363961656565396662393664343465
63366239366464353838376461373739666130663963373431353834333336613262346665396432
31313364373165623962353763633231353831306136343832643831623863663062303065353538
35616233316462336562643564323135306163663336363137333539646330363535
