$ANSIBLE_VAULT;1.1;AES256
64376363303237336632623465333732653263343662316164336465303864656239656637333831
6330613266386539333936366562373962366661646265370a336666626332636337353366363966
39623735323032346437663633306264626562313864373966386264376264366164313636386431
6332366532303331370a313435353063636133316363613465396235613633353866386134396233
36313562383033646439396662623764336238643261623539323164326165613133636664353239
31363866333431393330363738653531366664613462336236346432323866303437396565393431
39373439333637386235656632663531336466383438633530396563393263316436663332323438
33366135393964363536613438656135666335336534363635383964656432663831646563346337
66353239643664333962636635333235623435306539373639613232396430313539616232666363
65386333613531396232616564373765316232323561323064623531313531323165366537623364
62346161333631643238336565396638353164323464346437643963363133323038633439656363
39623038636362636534346261343334323866656262356563363433373038666136336134306335
39326663313839353037303236316432356263356339306438653164616162633732333139626465
37306661653232353132663461613661363436343363336632613032393466333330346136646462
66303432373664323166643566333365333136636662383331333935623930636366376463316137
35646130663064356337
