$ANSIBLE_VAULT;1.1;AES256
33343533353562336532626232653839323933316533333433373834353039613431636164333630
6162386134343932373562323461316665303662303738370a373637373262613031656364396132
34363732656137336235366265376637633062376463326634326165333133646365366262653137
6134383566313762390a613039336265613533613038346330396135623832303962323037343533
33656430333962643335386435303934663130656230356365363035656335633762353263343563
33313435316639643164333565616263303465656437353836316439313362646633623436646162
62366161653836373864356163653436313834333231333732373734356164386132393565623835
62623163373638386332656163313131613863336361333765663035616362363635396432366537
38643238303862393833316661393164396433656465313536656636316462633033633731623563
36336161323234616665616131633234333366383034393266656461643735396362313136623132
38333738343133393831633538623933303537323633376433653362346134633763303232393730
38653261663836666261646530386432643731383730643836346365383130373063396464656338
63336163663537633833376165336264376630326133623563643161353462623837313338356664
39333537666663316431616235303736363465663631396635333832303166306238633932313634
30373362363434306439666135363035306635356634306238336264323931373233326565343835
34393239663163326366356564323436323130333763313030366537626439393963656631303737
61313261613135323934646364393237336130373939623630613634356361613565323331353164
32633131623533643332343032623166663736313535353461316531313032323665373462376365
39333162366238333830363763616565383035393531613634653533303264366532666531306436
34636133383134383166656339366536353764613131386463623766313939306664393039323066
30376234636633353139613230636538643830376230303535613838356434353030
